10022492
10022494
10220229
10355678
10355680
10388796
10388797
10388802
10426417
10450889
10493900
10506099
10545400
10554993
10600999
10639391
10639399
10648437
10648440
10686176
10686183
10731218
10734010
10769249
10775534
10775536
10775540
10847597
10859133
10859136
10906316
10908189
10908192
10908201
10920049
10982747
10982748
10982749
11004124
11050021
11050024
11050027
11099442
11099447
11099454
11133788
11133789
11157567
11208666
11222456
11230093
11230094
11230097
11278198
11287375
11287379
11313298
11335694
11352612
11353732
11375910
11459760
11532885
11532889
11532891
11549616
11571223
11590110
11590113
11590114
11673327
11709486
11739262
11739265
11839600
11839605
11844731
11884351
11884359
11950765
11960899
11994752
12003859
12023321
12050089
12077009
12112763
12112764
12112766
12112769
12122033
12122035
12135974
12183389
12183390
12203685
12203688
12244080
12353242
12353244
12379600
12379601
12379604
12391570
12395388
12395390
12419128
12427681
12427683
12454910
12466452
12477698
12477703
12477708
12507945
12507947
12507948
12518293
12522194
12538399
12571116
12571121
12574475
12574477
12574485
12599272
12599275
12599276
12599277
12599278
12599279
12599280
12599282
12611944
12615644
12631562
12631567
12631568
12679294
12679295
12679298
12702705
12731102
12805116
12811732
12811733
12816895
12821513
12821520
12853369
12874776
12881168
12902389
12902398
12917932
12953303
12953304
12967919
14505331
14570821
14607785
14615297
14615298
14673803
14689505
14689506
14704214
14704217
14736856
14749289
14754865
14755593
14755597
14755836
14755837
14755839
14960288
14973239
14980552
14980553
14980557
14980558
14980560
14980562
14980564
14980565
14980569
14980573
14980575
14980576
14980580
15003765
15006649
15006650
15006651
15006652
15006653
15006656
15006659
15006661
15006663
15006669
15006672
15006679
15006681
15006682
15006683
15006685
15013826
15013829
15014103
15014131
15016102
15016426
15019708
15023577
15033182
15033185
15036060
15036621
15038005
15038006
15038007
15038009
15038994
15050513
15050549
15050550
15050551
15050556
15050560
15050561
15050563
15050566
15050567
15050569
15050570
15050572
15050577
15050583
15050584
15050589
15050590
15050593
15050601
15050602
15050725
15050863
15050866
15053955
15054057
15056686
15062860
15069021
15078568
15078569
15083527
15083528
15084491
15084497
15093144
15102894
15107859
15108303
15109993
15109996
15109998
15110005
15110006
15110007
15110009
15110011
15110014
15110018
15110019
15110020
15110021
15110029
15110032
15110039
15110735
15115738
15128413
15128414
15128614
15130584
15130588
15130591
15130592
15135157
15157701
15158422
15163677
15166100
15166105
15177789
15178176
15178178
15182316
15182319
15182320
15183385
15183388
15183391
15183394
15183397
15184034
15184035
15184037
15192010
15193581
15193582
15193590
15193595
15193597
15193603
15193610
15193611
15193617
15193621
15193622
15193624
15193625
15193626
15193632
15195287
15195289
15196672
15196684
15202106
15202110
15215213
15217377
15217392
15217896
15219581
15219584
15219587
15219589
15219590
15219596
15219600
15219602
15219606
15219608
15219713
15238433
15238436
15238438
15238446
15240435
15246450
15246451
15246452
15260961
15260962
15268916
15268917
15268921
15268927
15269107
15271588
15275902
15275903
15275904
15275907
15275908
15275913
15275914
15275915
15275916
15275917
15275919
15275924
15275925
15275933
15275937
15281140
15294149
15295012
15297367
15306654
15313521
15319275
15325349
15325350
15325352
15325353
15325356
15325357
15325360
15325363
15325367
15325368
15325369
15325374
15325384
15325385
15325387
15325389
15325390
15325411
15329353
15336514
15339645
15340932
15342430
15342438
15351628
15351631
15363399
15371295
15381021
15381748
15385595
15390216
15449353
15449354
15449356
15449357
15450788
15455462
15456705
15459076
15464350
15464351
15464352
15468121
15473975
15476691
15486986
15488401
15488409
15488416
15488417
15488421
15488424
15488426
15488909
15488911
15494184
15499576
15504333
15513929
15518940
15525806
15528101
15533557
15537673
15537676
15543553
15543554
15548553
15548557
15563720
15563722
15563723
15563726
15563729
15564587
15572117
15579169
15582037
15585344
15588604
15588605
15589105
15589185
15590912
15593269
15593271
15601733
15603746
15616129
15616133
15627576
15627586
15627588
15629489
15635062
15647525
15647526
15652307
15654860
15659424
15661452
15664795
15673452
15681032
15689519
15694331
15703246
15703256
15703257
15703258
15704151
15704153
15705612
15705615
15708643
15716306
15716371
15716469
15716474
15719056
15722208
15722209
15722212
15722215
15728651
15728652
15728740
15728741
15728761
15728770
15733635
15734339
15734344
15734345
15734346
15734349
15734350
15734353
15734360
15734361
15734362
15734363
15734365
15734366
15737657
15737658
15737660
15737663
15746001
15758039
15758182
15758195
15758200
15766634
15766765
15766766
15769488
15769494
15772354
15772373
15777865
15780849
15784419
15784423
15784424
15784428
15784430
15784432
15784433
15784435
15784436
15784437
15784438
15784440
15784441
15787715
15788514
15792893
15795134
15795135
15795138
15800188
15800201
15801606
15808968
15808973
15808975
15808978
15808982
15808988
15808989
15808990
15808991
15808992
15808994
15808995
15808996
15808999
15809000
15811551
15813950
15813952
15817169
15817178
15817510
15817513
15817643
15820229
15820232
15820629
15820643
15820646
15820652
15820708
15820711
15834861
15836975
15843423
15846769
15846772
15846816
15846824
15849713
15850721
15850722
15850725
15850734
15850735
15850736
15850737
15850739
15850740
15850746
15850749
15850750
15852379
15852381
15852384
15852385
15852388
15852468
15852469
15852471
15854792
15858056
15858162
15858164
15858815
15860337
15860338
15860342
15862201
15862203
15862207
15862214
15862217
15862220
15862222
15862225
15862227
15862228
15862229
15862230
15862232
15866546
15869491
15869492
15872014
15876491
15878602
15878673
15882649
15882784
15884023
15885507
15885517
15885518
15886022
15886023
15888606
15888656
15890534
15893474
15893574
15893940
15893941
15893942
15894493
15894494
15895428
15896481
15901490
15901646
15905031
15907297
15907299
15907300
15907302
15907304
15907305
15907308
15907311
15907313
15907315
15907316
15907318
15908119
15913867
15919215
15921932
15921936
15922156
15922162
15922309
15924866
15924867
15925092
15926933
15927485
15927486
15927489
15928068
15929092
15929098
15930046
15930371
15932793
15935259
15935261
15935262
15935263
15936178
15936179
15939409
15939499
15944143
15944229
15944370
15946863
15947065
15949507
15949508
15949519
15949653
15949654
15949998
15950492
15953423
15953488
15953495
15953559
15953711
15954139
15954141
15955475
15955476
15955481
15955482
15955488
15955491
15955493
15955496
15955500
15955502
15955504
15955713
15958505
15961048
15961049
15961050
15961052
15961053
15961108
15961322
15964208
15964209
15964210
15964211
15965999
15966001
15966002
15970381
15970434
15975942
15978019
15978024
15978025
15978549
15978553
15978839
15978840
15978843
15978845
15978846
15979899
15982787
15982902
15987880
15989934
15989935
15990338
15992522
15993537
15993573
15993624
15993629
15993630
15993759
15993766
15993767
15993771
15993856
15993858
15993859
15994098
15996878
16000636
16000652
16001441
16002323
16005247
16005548
16005646
16006149
16009242
16009569
16014654
16014866
16019232
16023041
16023375
16023376
16024258
16027008
16027011
16027012
16029213
16033924
16033925
16033937
16035037
16035045
16038681
16038685
16038771
16038950
16039570
16040108
16043128
16043132
16043331
16043368
16045505
16046064
16046148
16046149
16049190
16049191
16051283
16051437
16051501
16054343
16054840
16054842
16055068
16055310
16055311
16055350
16055351
16055352
16061152
16061398
16076549
16078183
16079408
16080160
16080162
16081255
16082657
16084069
16084113
16084114
16084116
16084738
16084739
16084839
16084858
16085427
16087350
16087351
16087352
16087353
16092132
16095568
16095920
16098571
16098766
16099178
16099179
16099355
16102540
16102979
16108017
16108019
16109491
16109492
16109493
16111898
16112148
16112876
16112877
16115783
16122944
16122945
16122946
16125460
16125741
16125977
16126414
16126415
16129404
16129560
16135779
16135780
16135781
16137894
16139525
16139806
16139812
16139817
16139997
16140345
16140346
16142777
16142781
16143498
16143545
16150579
16150611
16150613
16154166
16154363
16154448
16154453
16154456
16154603
16154767
16157283
16157284
16161128
16161166
16162854
16165102
16165371
16168473
16168674
16168730
16168731
16168736
16169136
16169750
16171833
16176365
16176366
16181792
16181793
16182570
16183659
16185668
16185899
16188459
16192329
16195246
16199012
16199141
16202396
16203159
16213043
16213162
16213690
16213753
16214184
16216531
16216534
16219423
16221928
16225965
16226349
16226433
16226896
16230029
16234297
16236527
16236528
16236529
16239068
16242349
16242351
16242923
16242924
16242965
16243051
16243053
16243494
16246532
16246587
16246591
16246592
16246595
16246734
16246866
16249098
16249100
16251214
16251266
16253483
16253524
16253527
16256375
16256376
16257239
16257546
16257547
16260124
16260155
16262646
16262647
16263248
16263311
16272163
16272166
16275017
16275018
16275022
16275138
16275140
16275141
16275931
16280140
16280351
16280353
16280463
16280464
16280465
16281283
16281284
16281285
16281289
16284946
16289773
16289801
16289928
16289998
16290016
16290017
16290261
16291802
16298112
16298252
16298426
16298427
16300965
16300966
16300967
16300969
16303149
16303290
16303318
16306323
16307590
16310346
16310510
16314048
16317710
16317714
16321546
16322163
16324128
16325141
16325382
16326117
16330500
16330503
16330505
16337110
16337706
16337813
16337816
16337921
16338048
16339020
16339029
16339042
16339084
16339086
16339798
16342150
16342273
16343560
16343769
16343948
16343950
16356737
16356738
16360121
16360321
16361059
16364548
16364549
16367791
16368192
16368249
16371250
16372256
16373455
16373457
16376861
16377154
16380270
16380271
16387401
16387476
16387514
16388970
16399218
16399678
16400153
16400154
16400157
16400158
16400162
16400163
16404736
16406256
16406258
16406606
16406637
16407533
16407540
16413049
16413757
16413792
16413795
16413796
16413797
16414279
16414280
16414281
16418007
16420462
16421171
16421302
16421329
16421332
16421886
16423439
16426719
16427033
16427099
16427198
16427321
16427324
16434066
16434125
16434417
16436599
16436608
16436685
16436686
16443204
16443376
16446032
16448803
16452664
16452666
16458263
16458860
16459007
16459107
16460690
16460693
16460697
16460792
16460961
16460968
16466679
16466680
16466933
16469419
16469438
16469446
16473020
16473022
16473024
16473025
16473338
16473449
16475178
16476414
16476418
16476669
16476670
16478667
16480694
16480749
16481375
16481440
16487726
16487729
16487943
16488157
16488159
16488626
16488627
16490307
16490365
16490367
16492377
16492400
16495434
16497278
16497485
16497519
16497521
16503328
16504345
16504540
16504951
16510224
16510242
16510734
16513147
16513368
16513369
16513370
16514105
16514108
16515772
16516248
16516496
16516497
16516499
16517071
16520065
16520329
16520330
16525049
16525051
16525130
16527492
16529951
16530393
16530428
16530429
16530885
16533501
16537568
16540347
16540348
16540351
16540574
16543137
16544328
16545581
16545583
16546404
16546406
16547922
16549368
16552413
16553798
16554508
16556505
16563803
16564707
16565948
16565949
16565951
16565953
16568419
16568426
16571373
16574079
16574082
16574168
16574434
16575838
16580643
16580846
16581168
16584892
16585053
16594732
16596617
16596654
16597450
16597731
16603133
16603134
16603709
16611823
16616048
16616520
16616832
16616863
16616940
16620884
16620890
16624578
16624580
16624581
16624582
16624583
16624584
16624589
16624961
16626972
16626974
16626975
16628606
16628608
16631130
16631383
16631384
16632202
16632333
16632380
16632383
16638796
16639741
16639742
16641225
16643867
16644236
16644239
16647271
16648452
16648454
16648455
16648457
16650775
16650777
16650836
16651007
16651009
16672290
16672649
16672666
16677830
16677831
16678926
16679031
16682235
16683265
16698125
16699081
16699082
16701731
16702002
16702192
16706858
16706860
16707799
16707801
16712804
16713306
16716387
16716388
16718653
16718654
16723518
16725162
16725189
16725214
16729281
16730460
16730754
16730755
16731007
16731517
16733091
16735070
16738210
16738235
16738241
16738250
16738254
16750298
16750396
16750818
16751298
16753205
16754652
16757006
16757180
16757182
16757183
16759672
16760196
16761265
16761270
16761271
16762567
16763044
16764830
16764897
16765998
16766208
16766210
16767767
16767768
16767772
16769093
16769225
16769743
16772176
16772313
16775140
16777432
16779798
16779799
16780808
16781167
16781872
16784724
16793288
16797186
16797190
16797786
16797923
16798014
16798015
16798016
16798017
16806311
16806312
16806314
16806317
16806838
16806976
16806977
16806978
16806986
16809052
16814264
16814525
16814889
16814986
16815041
16815338
16820004
16822972
16822984
16828063
16828125
16828565
16828717
16829139
16835365
16837589
16837595
16837597
16839780
16842827
16842976
16843445
16843682
16846621
16846694
16846742
16854945
16855007
16855090
16855105
16857316
16857390
16859648
16859927
16860474
16860574
16861005
16861008
16861011
16861334
16861335
16863693
16863694
16872743
16872841
16875759
16875847
16876130
16876434
16876436
16879842
16879844
16880131
16882026
16885204
16889805
16891125
16893533
16899645
16901520
16901644
16904083
16904823
16904912
16908199
16908493
16914607
16914620
16919246
16919478
16919479
16919481
16919527
16919850
16920164
16920366
16923779
16926102
16928798
16928852
16928890
16930447
16930636
16933299
16934234
16934301
16934491
16934843
16935007
16938439
16942757
16942837
16943547
16943559
16944477
16944483
16944489
16944492
16945345
16945506
16949303
16949306
16949839
16950215
16950217
16951408
16952466
16956978
16956980
16957073
16957082
16959226
16959412
16959497
16959501
16959868
16962075
16962291
16962339
16963184
16963517
16966490
16968868
16973382
16978881
16978883
16979268
16979350
16984899
16987673
16988033
16989874
16990015
16990437
16990438
16996279
16997428
16997576
16997580
16997905
17003078
17005321
17005420
17008334
17010394
17010420
17010573
17011212
17012294
17014377
17014871
17020747
17021168
17021177
17022954
17023094
17027134
17027928
17027931
17029760
17029986
17030047
17032710
17034034
17035046
17042790
17045492
17046160
17046287
17046722
17048979
17049274
17049276
17050704
17055155
17055297
17055298
17056278
17056279
17059812
17060365
17060366
17060367
17064939
17064940
17065458
17067740
17070072
17070707
17070996
17071109
17071110
17071112
17071925
17077159
17077160
17079666
17079679
17080435
17080437
17080438
17080440
17081770
17081771
17088019
17088219
17088375
17089375
17089376
17092490
17094117
17094120
17095251
17097071
17097073
17097276
17097892
17098398
17098445
17099066
17101687
17101690
17109899
17110130
17110592
17112742
17112743
17112745
17112750
17113049
17113672
17113790
17113931
17116311
17118409
17121746
17122317
17123479
17123710
17123711
17123836
17126368
17126370
17133384
17133385
17133387
17133388
17133390
17133391
17133392
17133393
17133396
17133397
17133399
17133401
17134915
17134916
17135464
17135476
17137558
17137563
17138596
17138597
17140674
17140815
17141203
17141528
17142061
17147975
17150375
17150984
17150986
17150987
17156923
17157035
17159232
17161627
17164468
17166744
17166745
17166746
17166860
17169579
17173868
17173876
17174459
17174533
17174987
17175179
17178235
17178236
17178420
17182225
17182226
17182259
17182773
17182905
17184978
17185003
17186063
17188251
17188464
17188516
17188900
17188904
17190970
17192434
17196833
17196834
17202232
17202490
17204249
17204295
17204433
17204820
17204822
17204823
17208260
17208459
17208462
17210136
17210138
17210143
17217921
17217926
17217927
17217932
17218001
17222539
17222565
17223091
17223576
17223578
17223579
17224134
17229109
17229404
17229578
17229828
17239618
17239620
17239622
17239623
17239829
17240164
17240165
17240166
17240169
17251241
17251412
17254803
17258693
17258911
17266101
17266102
17266104
17266106
17270466
17274018
17274019
17274021
17274022
17274024
17274965
17275336
17275792
17276751
17283202
17284191
17284202
17284349
17287508
17290371
17290372
17291724
17291727
17291781
17291784
17292590
17292627
17292628
17292629
17292631
17292926
17292928
17293127
17293356
17296169
17298595
17298597
17301167
17301186
17303439
17303809
17306235
17306437
17306513
17306771
17314240
17315224
17315226
17317223
17317678
17318832
17320049
17320413
17320415
17320416
17321151
17321554
17321724
17321757
17324590
17328781
17329081
17329129
17329424
17329425
17331218
17331220
17331476
17331743
17336094
17336344
17336346
17336547
17336947
17337165
17337213
17337346
17339967
17344206
17346988
17346989
17346990
17350054
17350289
17350290
17350291
17350756
17350862
17358019
17359923
17359942
17360197
17360900
17363277
17363278
17367826
17368096
17368575
17368914
17368915
17370339
17370344
17370345
17372275
17372276
17376703
17376704
17376855
17379262
17383616
17389911
17390315
17390317
17392459
17392464
17394210
17395493
17395609
17397807
17397882
17398078
17398080
17398117
17399959
17400195
17400477
17400480
17403529
17404390
17407825
17408585
17408930
17408973
17409238
17409244
17409251
17412410
17412509
17412567
17412610
17412719
17412720
17415777
17415782
17418591
17427209
17428683
17428684
17432972
17433880
17433891
17434455
17434917
17437282
17439989
17442593
17442821
17448450
17448452
17448546
17448689
17449068
17449179
17449320
17451759
17451973
17455365
17460071
17462914
17462915
17462916
17466401
17467816
17468013
17475292
17475514
17475792
17478101
17478107
17481593
17481919
17483530
17487272
17490893
17490989
17490990
17490991
17493834
17494060
17497629
17497646
17498973
17499158
17499159
17499160
17499164
17499166
17499168
17499169
17499172
17499173
17499175
17499318
17499485
17499519
17499520
17499524
17502909
17504782
17504783
17507455
17507555
17507573
17509541
17509898
17511967
17512219
17512615
17512757
17517680
17521924
17524667
17524669
17525980
17525984
17525985
17525987
17531309
17532193
17532647
17532648
17533167
17538951
17538952
17543896
17544015
17544630
17548160
17548799
17548801
17551089
17553011
17553017
17553466
17553704
17553706
17553991
17554002
17554003
17555989
17560689
17560794
17560797
17561345
17561416
17566054
17566608
17566766
17566768
17570347
17572110
17573192
17574445
17574746
17574821
17574869
17575278
17575989
17576750
17579718
17582746
17585887
17585888
17587497
17587598
17587600
17588725
17588776
17588777
17590354
17591598
17596409
17596416
17596454
17596966
17598163
17598164
17598166
17598168
17600730
17601497
17601709
17601749
17602140
17603027
17604009
17604649
17604879
17606317
17607327
17611124
17615131
17615246
17615247
17616403
17617382
17617655
17617656
17617657
17617658
17618656
17621607
17625917
17626038
17626211
17627848
17627851
17627852
17628434
17629502
17631280
17631361
17631871
17634374
17636558
17636559
17636560
17636562
17640530
17643400
17644071
17644222
17644414
17651704
17651709
17652461
17652462
17652463
17652467
17655831
17655834
17658272
17658273
17658690
17659885
17662257
17662530
17662699
17670972
17674356
17675110
17675111
17675369
17678634
17681798
17681799
17681983
17683950
17686049
17686466
17686467
17686634
17688963
17689103
17689104
17689268
17689500
17689504
17689571
17689983
17689985
17692981
17698371
17698372
17698497
17699669
17705220
17707125
17707351
17707444
17707538
17707658
17707869
17709121
17709202
17710118
17712410
17712786
17714799
17715198
17715350
17716696
17716820
17719211
17719566
17719567
17720459
17720687
17725995
17727825
17728263
17728264
17728454
17761331
17764976
17765211
17765572
17765877
17765933
17767491
17767510
17767511
17803973
17804259
17822681
17822926
17825801
17827035
17849020
17850833
17851092
17855057
17855375
17855376
17855604
17873968
17880400
17880929
17881109
17881128
17884017
17884110
17884391
17884585
17888408
17888409
17888411
17888686
17888687
17888688
17889565
17889835
17890058
17890108
17890109
17894398
17894934
17897405
17897686
17898151
17900633
17904384
17904385
17904389
17905481
17905600
17906328
17908169
17913474
17913513
17913515
17913907
17915262
17915264
17916328
17916334
17916338
17919932
17919933
17919934
17919936
17920024
17920821
17921456
17924535
17924553
17925295
17928237
17928317
17928441
17928444
17928451
17934190
17936643
17936725
17936858
17942721
17942734
17942736
17942738
17945511
17947346
17947348
17948882
17948883
17948885
17948887
17949689
17949691
17949905
17950474
17950623
17950625
17950764
17951002
17951075
17951077
17957704
17957705
17962043
17962045
17963797
17963799
17963998
17964185
17964813
17965128
17971871
17977025
17977762
17978031
17979123
17979124
17981055
17989285
17990299
17990302
17990304
17996463
17996464
17996465
17996813
17996854
17997112
17997331
17999939
17999940
18003884
18006337
18022320
18022606
18022652
18023505
18023824
18023825
18028117
18029199
18030335
18032069
18032565
18033768
18035557
18036835
18037455
18041737
18041740
18041743
18042401
18042495
18042496
18042643
18043754
18053618
18053686
18053745
18053746
18055028
18055184
18056086
18056158
18057110
18060809
18060812
18061152
18061310
18061483
18063349
18063390
18063476
18063560
18063564
18063566
18064585
18065243
18065438
18065722
18068690
18068955
18069004
18072271
18072277
18072278
18072279
18072280
18077184
18077465
18077688
18079060
18082427
18082428
18083502
18083565
18083602
18086536
18089297
18091986
18093736
18093809
18093845
18094020
18095276
18095277
18095280
18095282
18095285
18096139
18096407
18096408
18096409
18096410
18155254
18155446
18155611
18155880
18155926
18155927
18158178
18158315
18160181
18160644
18160646
18164213
18164628
18165105
18165281
18165283
18166203
18171926
18172852
18174910
18176625
18177676
18177843
18178180
18178568
18180168
18182174
18184572
18184777
18187342
18191116
18191160
18191587
18191960
18201906
18201907
18203696
18206186
18206189
18206391
18215449
18216200
18219617
18219620
18219622
18221758
18226551
18226833
18231575
18234415
18234476
18234477
18234508
18234509
18234519
18234521
18234524
18234682
18234684
18234685
18234690
18241895
18241912
18242723
18243736
18245039
18245041
18248739
18249420
18252741
18252743
18255103
18255317
18256251
18258337
18258366
18261714
18261930
18261931
18261933
18262207
18262208
18263625
18266215
18266216
18266217
18267339
18267952
18270173
18272399
18272874
18276037
18276163
18279326
18279361
18279364
18279947
18280753
18280754
18281020
18281155
18281300
18281303
18281304
18282558
18282770
18286463
18289882
18291350
18291678
18294618
18294683
18294772
18295746
18296070
18296073
18299209
18301756
18305258
18308586
18308706
18308708
18308710
18308711
18313223
18314252
18314272
18316207
18321537
18321870
18321871
18321924
18325582
18325789
18328510
18329093
18329293
18329633
18329671
18329672
18329673
18329779
18329904
18329905
18330871
18330872
18335036
18336572
18337009
18337125
18337398
18337401
18339409
18342423
18342424
18342542
18342544
18343163
18343462
18343687
18344173
18344174
18344175
18344176
18344193
18346764
18346831
18346913
18349055
18350136
18353285
18353521
18356025
18356027
18358742
18359777
18361436
18364027
18364040
18365029
18367612
18372164
18372290
18372293
18374603
18374902
18375064
18375146
18375148
18375149
18375529
18378168
18378266
18378428
18378467
18380676
18381635
18381767
18384958
18385328
18385330
18385483
18387556
18387582
18387583
18387584
18387586
18387824
18388350
18394660
18394923
18395472
18395761
18395979
18396063
18396414
18400791
18400793
18400794
18403120
18403397
18406432
18406434
18407300
18407470
18411061
18412112
18412114
18412133
18413289
18413290
18413350
18417322
18417364
18417365
18417700
18420234
18420426
18420428
18423328
18423780
18424181
18424775
18424776
18431500
18433807
18434200
18434201
18434203
18436528
18439412
18440493
18440574
18445220
18445531
18445602
18448452
18448453
18448634
18448644
18448649
18450480
18454447
18455308
18455372
18455373
18455740
18455837
18456379
18456517
18465747
18465748
18465750
18465751
18465800
18471837
18471869
18472185
18479670
18479717
18479820
18479943
18480270
18480284
18482851
18483003
18485420
18485743
18486104
18486489
18486490
18486491
18489958
18489966
18493621
18495180
18495495
18495496
18495886
18498743
18499348
18499478
18499479
18499480
18501457
18501636
18501639
18502045
18509068
18509462
18511023
18511301
18511303
18511304
18511306
18513833
18514168
18514543
18514546
18514678
18514745
18515047
18515149
18515150
18523591
18524627
18524902
18534567
18534868
18537112
18537114
18537117
18539046
18539438
18541279
18547820
18550030
18550031
18550387
18550593
18550595
18550597
18550622
18550756
18550759
18550763
18554927
18554928
18555209
18559294
18562019
18562102
18562599
18562616
18567621
18567624
18570200
18570205
18571627
18571794
18571795
18573266
18573510
18573512
18574518
18577390
18579414
18579575
18582578
18582579
18582580
18582581
18583050
18584891
18584959
18585060
18585468
18585932
18586109
18586110
18586234
18586335
18586370
18586523
18586525
18588532
18588543
18588986
18588987
18588988
18588989
18589404
18595740
18596189
18597794
18597795
18597797
18598769
18599025
18599316
18601940
18601941
18602483
18602840
18603230
18603414
18603608
18606175
18609565
18612380
18612463
18614265
18614290
18614670
18617009
18619668
18619985
18620789
18620906
18621033
18632120
18632198
18632288
18632890
18632934
18634888
18634890
18634891
18635157
18635241
18635342
18635394
18639234
18639236
18639469
18639536
18639870
18644242
18644454
18648501
18649349
18649351
18649352
18650327
18650340
18652805
18653664
18653667
18656462
18660499
18661503
18661505
18662866
18662867
18667293
18669506
18669589
18672026
18672073
18672231
18672352
18674589
18674627
18675363
18675364
18678469
18678764
18682729
18685036
18687404
18689860
18691632
18691659
18691703
18691907
18692142
18692173
18692514
18692577
18692578
18692890
18694836
18698355
18698363
18702722
18703030
18703146
18706506
18707678
18708149
18710652
18711707
18713781
18718456
18718543
18718872
18721889
18723260
18725239
18726910
18728197
18728773
18729079
18760263
18760292
18760691
18761138
18761362
18761410
18768646
18768697
18769538
18771736
18771737
18771801
18773963
18774224
18774263
18778780
18778781
18781590
18781591
18781594
18783371
18783380
18783864
18786365
18786512
18786570
18787229
18787233
18787235
18789907
18789955
18790065
18790618
18793658
18793730
18793731
18796346
18796430
18797499
18799601
18799604
18801443
18801445
18801597
18804123
18804514
18804539
18804540
18804916
18804959
18805460
18805495
18805496
18809234
18809500
18809502
18809923
18814937
18817740
18818053
18819106
18819107
18819988
18820289
18820290
18822322
18824236
18827897
18829095
18830956
18834944
18835075
18835284
18835422
18835452
18838100
18840418
18840533
18842666
18845172
18846222
18848631
18848742
18848743
18848896
18848998
18848999
18849149
18854323
18854581
18922517
18923647
18926523
18929439
18930036
18930182
18930351
18930749
18937281
18938008
18938199
18938220
18940230
18945600
18948210
18950717
18950748
18951983
18951984
18952070
18952675
18952678
18954965
18958158
18958161
18972392
18973604
18973817
18973818
18974365
18976640
18977169
18977304
18977524
18980863
18980948
18980949
18983833
18985097
18985100
18985115
18985116
18985118
18985119
18985124
18985130
18985132
18985133
18985135
18985141
18985142
18985143
18985144
18985147
18986695
18987188
18992228
18992349
18992759
18992825
18996100
18996420
18996489
18996505
18996508
18996910
19000717
19000769
19001084
19003956
19004526
19007800
19007893
19010424
19013058
19013532
19013557
19013775
19015038
19015077
19015078
19015079
19015081
19015082
19015083
19015084
19015088
19015090
19015093
19015094
19015096
19015100
19015101
19015102
19015104
19015108
19015112
19015113
19015114
19015115
19015371
19015373
19018279
19019636
19019637
19020203
19022337
19022856
19026409
19026710
19026751
19027075
19027077
19027079
19027233
19027762
19027763
19028382
19028527
19028549
19029062
19030105
19034897
19036762
19036975
19036981
19038275
19041331
19041332
19041896
19041965
19046373
19046394
19046978
19046993
19047573
19049883
19050764
19052210
19052212
19052218
19052227
19054502
19058792
19058914
19059346
19059350
19059586
19059978
19061904
19061937
19062135
19063872
19068486
19068489
19071144
19071222
19072894
19072896
19072897
19072994
19073160
19073624
19073652
19073777
19074015
19079541
19081708
19083992
19084220
19086020
19087899
19091969
19095230
19097164
19097861
19100840
19100847
19101025
19101126
19103254
19103293
19103296
19107748
19107749
19107750
19107751
19107752
19107754
19109452
19109459
19109495
19109986
19110014
19110062
19111290
19111291
19112507
19112516
19117274
19117276
19117277
19117278
19117605
19120413
19121364
19124032
19126572
19129383
19129385
19129391
19129395
19135072
19135155
19135767
19136097
19136548
19146819
19146963
19150518
19150520
19151375
19151376
19153150
19153155
19158297
19158299
19159691
19159693
19162048
19162200
19162201
19162206
19162389
19165335
19166942
19166943
19166946
19166947
19166948
19167505
19167506
19168334
19168663
19171195
19172625
19172631
19172633
19172642
19172643
19172644
19172648
19172650
19172653
19172654
19174537
19176279
19176280
19176814
19176830
19179050
19180558
19181696
19184993
19184995
19185468
19185567
19186163
19188005
19190042
19193886
19196494
19200075
19200077
19201515
19211872
19211888
19216061
19221144
19224619
19228976
19228978
19229326
19230621
19231480
19232481
19233148
19234068
19235876
19238207
19240137
19240140
19242539
19243925
19244454
19244522
19246473
19246474
19249748
19250441
19258375
19261444
19261578
19263420
19264142
19264143
19270039
19272364
19277116
19279244
19279255
19281849
19282066
19285142
19285143
19285465
19285559
19287044
19288462
19288464
19288465
19288466
19289173
19291231
19294640
19294641
19294652
19295153
19299197
19302160
19302164
19302165
19303934
19303936
19303937
19304843
19306848
19306854
19307050
19307251
19309321
19321314
19321316
19321317
19321460
19321636
19321651
19321652
19321655
19321789
19324533
19324592
19327400
19327402
19328233
19328235
19328236
19328237
19332139
19339460
19339611
19341801
19341805
19342124
19342141
19344686
19344771
19344776
19345268
19345269
19347874
19347876
19347877
19348727
19349151
19349224
19349228
19349231
19349235
19349237
19349243
19349244
19349245
19350547
19350561
19350562
19350563
19350564
19351579
19357267
19357393
19361957
19362298
19365800
19368816
19368829
19368857
19368905
19369489
19369561
19370766
19371782
19371787
19375076
19375224
19375510
19375695
19376237
19376239
19376240
19376241
19376243
19376244
19376245
19383503
19383937
19384886
19384890
19386384
19386635
19386910
19387979
19389870
19393323
19393717
19393745
19394205
19395524
19395526
19396362
19397862
19397867
19397900
19398013
19398020
19398308
19398537
19401143
19401178
19401185
19403118
19403218
19409498
19409960
19409961
19410366
19410583
19410589
19413945
19414043
19414046
19414052
19420090
19420266
19422920
19422921
19423079
19423680
19426812
19426813
19426817
19427089
19427522
19427907
19427909
19427910
19428038
19428222
19428389
19428395
19428399
19428403
19428407
19428408
19428409
19428413
19428421
19428423
19428429
19428430
19428683
19429003
19429013
19429043
19429078
19429079
19429124
19429131
19429163
19429172
19429861
19429863
19433099
19433416
19433437
19433442
19434242
19434601
19435709
19439183
19439585
19439588
19439594
19440362
19442494
19442751
19442752
19442869
19443157
19446638
19446646
19446647
19446795
19446799
19446957
19449330
19449332
19450613
19450657
19450695
19450953
19453626
19453637
19457372
19457373
19457376
19457383
19457385
19457386
19457388
19457391
19457392
19457393
19457398
19457412
19458220
19462002
19463891
19463961
19464376
19465009
19465134
19465135
19465137
19467357
19467359
19467990
19477281
19478033
19478034
19478035
19479729
19481155
19481156
19481159
19481162
19481611
19482231
19492040
19492300
19492301
19492302
19494138
19494153
19494158
19497372
19497374
19501062
19501072
19501603
19501653
19501656
19501658
19505438
19505443
19505444
19505583
19505585
19505971
19505991
19505993
19507155
19507157
19507160
19515831
19515922
19517024
19520171
19520360
19523524
19523766
19523932
19523967
19524048
19524049
19524050
19524051
19524090
19524092
19524887
19527788
19530215
19530217
19530219
19535615
19538948
19539034
19539035
19539268
19539711
19539767
19539770
19540214
19540253
19540349
19540861
19540863
19540923
19545612
19546155
19546156
19549622
19551135
19552900
19553435
19553451
19553452
19553466
19554558
19554559
19555654
19555674
19555702
19556348
19558604
19559684
19559802
19560121
19560133
19560134
19560544
19560546
19560547
19560907
19561061
19569071
19569073
19571269
19572308
19573610
19574393
19574440
19576235
19576957
19577650
19577651
19580874
19580877
19584921
19585588
19585590
19586700
19587274
19587291
19591947
19592570
19592571
19595679
19595772
19595774
19595775
19596123
19596405
19603072
19603407
19603410
19605530
19614981
19615671
19616296
19616413
19616415
19618409
19619566
19619661
19619662
19619664
19619665
19620180
19620181
19620620
19620621
19621369
19621370
19621371
19625385
19625521
19628276
19628324
19628700
19629183
19631275
19631277
19631624
19631626
19631673
19631717
19631753
19631756
19631758
19632208
19632211
19632299
19632301
19632335
19632338
19632341
19632816
19633177
19636426
19639552
19641018
19641108
19641623
19643118
19643580
19643585
19646533
19646536
19647038
19647800
19648173
19650139
19651111
19651222
19656506
19657027
19660555
19660559
19662658
19662659
19664766
19665303
19665784
19665877
19666084
19666085
19666127
19666169
19666829
19672296
19674084
19674742
19674842
19675245
19675249
19675251
19679112
19679191
19679192
19679384
19680553
19682587
19682675
19682867
19683062
19683225
19683418
19683419
19683582
19683584
19683585
19684249
19684250
19686473
19686704
19686705
19686778
19686782
19687293
19687294
19692631
19695760
19696032
19698980
19699020
19699190
19699719
19699804
19699806
19703428
19703568
19703569
19703570
19703572
19707568
19707599
19709634
19709644
19709652
19710179
19710309
19710357
19710378
19710382
19712703
19715732
19716404
19716631
19716894
19717138
19718654
19720071
19720072
19722170
19726030
19726640
19726653
19726660
19729041
19732807
19732835
19732838
19733188
19733581
19733670
19733672
19734016
19735293
19737843
19741139
19744564
19744566
19745020
19747900
19747928
19747929
19748076
19750227
19754932
19755518
19759300
19759308
19761849
19765554
19765560
19765600
19765623
19766168
19767310
19769994
19770045
19770047
19770050
19770054
19770055
19770056
19770057
19770058
19770059
19771159
19773547
19775795
19775870
19776365
19777552
19777553
19777578
19778619
19778958
19780040
19780042
19781579
19781597
19781648
19781652
19781653
19781755
19781814
19782094
19782435
19782667
19782695
19782757
19783412
19783579
19784372
19786103
19786107
19788567
19788568
19789183
19789184
19790170
19790171
19794914
19796632
19796692
19796695
19799883
19800353
19800410
19800975
19804836
19805418
19811532
19811772
19811779
19812330
19812331
19812344
19815082
19815621
19818382
19818807
19819113
19819933
19822601
19823984
19823988
19826471
19830683
19833143
19833154
19833213
19833484
19835893
19836364
19837173
19837174
19837177
19837178
19837179
19846063
19846064
19846255
19846472
19850055
19850134
19852951
19853041
19853247
19853290
19853418
19853585
19853590
19853664
19854028
19858108
19861234
19864015
19864557
19864586
19874854
19874897
19874903
19875216
19875675
19878723
19878726
19878727
19878728
19878929
19879281
19879365
19880216
19882648
19882649
19883666
19883771
19883772
19889712
19889714
19890846
19892765
19892766
19895564
19896540
19896958
19897176
19900561
19904802
19906514
19906516
19906809
19906971
19909817
19909818
19912333
19913101
19913331
19913621
19913624
19913627
19914263
19914337
19914778
19915091
19918243
19920057
19920058
19923200
19925871
19926451
19926457
19931400
19931402
19931620
19931919
19932154
19932754
19933580
19936244
19937724
19939884
19940175
19940176
19940177
19944083
19945445
19945471
19945535
19948156
19948224
19948225
19948227
19948228
19948232
19954931
19957266
19957268
19959341
19959342
19959343
19961833
19961938
19962240
19962789
19962859
19962860
19962862
19963356
19966326
19967769
19968969
19969089
19969091
19969094
19969096
19998364
19998366
19998367
20003149
20004180
20004181
20004249
20004250
20004252
20004253
20004364
20004365
20004723
20004724
20004726
20005043
20005215
20005295
20005298
20006713
20006716
20006717
20006720
20007242
20008375
20008455
20011541
20016001
20016003
20016103
20018180
20018360
20022675
20024944
20025853
20025979
20025980
20025981
20025982
20026225
20026227
20026317
20031272
20032238
20032242
20032247
20034578
20034582
20034615
20034998
20035016
20035018
20035830
20035879
20035881
20035884
20035885
20036289
20036336
20038434
20038544
20041155
20042233
20044075
20044895
20045068
20045069
20045072
20045472
20045473
20045474
20045475
20045476
20045478
20051318
20051357
20051363
20051364
20053346
20053347
20053379
20053431
20053536
20053886
20053888
20056149
20056150
20056152
20056154
20056155
20056159
20060048
20060103
20060111
20060480
20060911
20060912
20060961
20060966
20061325
20063302
20063304
20063360
20063362
20071019
20071145
20071149
20071459
20071507
20074647
20074650
20074786
20079443
20079444
20079855
20080076
20080151
20080191
20080395
20082330
20082331
20082332
20083092
20083206
20083208
20083395
20084104
20084170
20085788
20087840
20089812
20089919
20091792
20092563
20092582
20092946
20096269
20096539
20096792
20096793
20096794
20097045
20097294
20097295
20097544
20100582
20100583
20100898
20100900
20105435
20107076
20108218
20108224
20112243
20114081
20116434
20116435
20116437
20117764
20122966
20123026
20123027
20123028
20123030
20123031
20123114
20127869
20127873
20128855
20130181
20132802
20132831
20132897
20138255
20138482
20138739
20138900
20139013
20139014
20139116
20140099
20143384
20144945
20147458
20147535
20147540
20147555
20149485
20150342
20150343
20152906
20152908
20153142
20153145
20153150
20153608
20153764
20153952
20156568
20156571
20156575
20156657
20156841
20157009
20159769
20162595
20162596
20162598
20162599
20162600
20162603
20162604
20162605
20162606
20164350
20164352
20164353
20167205
20167415
20169080
20170692
20171286
20171288
20171291
20171727
20176116
20176414
20176690
20179758
20181590
20181737
20184959
20188182
20188184
20188190
20188191
20188196
20188516
20188768
20188841
20189356
20190005
20194512
20194514
20194515
20194687
20197097
20197287
20200121
20202480
20203139
20203180
20203196
20203206
20203214
20204140
20205244
20205246
20205248
20206151
20206641
20207691
20207692
20211265
20211739
20211742
20219991
20219998
20220020
20225220
20225221
20225278
20226253
20226767
20226769
20226773
20226799
20227250
20227458
20227857
20230933
20230935
20231266
20236763
20236805
20237130
20237258
20298791
20298792
20298794
20300040
20300627
20300635
20302914
20302946
20302947
20302951
20303070
20303408
20304477
20307505
20335470
20335485
20336652
20336653
20336655
20336656
20336685
20336686
20336690
20338244
20338249
20345920
20346399
20347043
20347045
20347878
20347995
20347996
20348919
20350184
20350933
20351022
20353828
20356959
20357071
20357121
20357127
20359695
20359776
20359825
20362418
20362598
20362677
20362682
20363236
20363336
20363337
20363808
20371815
20374289
20375250
20378581
20381462
20381584
20382476
20382643
20384781
20385153
20385169
20385244
20385245
20385246
20385471
20392942
20393055
20393066
20394826
20394829
20398682
20398769
20398771
20398772
20398773
20399235
20399275
20399492
20399560
20399622
20399796
20399838
20400273
20403339
20406690
20407579
20410105
20410363
20413149
20413448
20413450
20416360
20416863
20417032
20417065
20417713
20418072
20418073
20419095
20420924
20420925
20420931
20421249
20421978
20423699
20423700
20430103
20433856
20434467
20434468
20434470
20434565
20435051
20436911
20439317
20441798
20444445
20444840
20445032
20445046
20450898
20451622
20451625
20451629
20451630
20452187
20452398
20452399
20452437
20452439
20452441
20452443
20452445
20453039
20456928
20457166
20460301
20463193
20463204
20470808
20471139
20471751
20472070
20472072
20472279
20478385
20478834
20479939
20483375
20483377
20483908
20484643
20484644
20484652
20488673
20488680
20493234
20493622
20493670
20493891
20493953
20493954
20493956
20494338
20494966
20497902
20501484
20505085
20505108
20505110
20510255
20510369
20510372
20510373
20510374
20510377
20510862
20512376
20519253
20519521
20519535
20519541
20520767
20520836
20522540
20525743
20525771
20530219
20530540
20532166
20533558
20533560
20533562
20534842
20534850
20537612
20537619
20541018
20541837
20541839
20542080
20542121
20542548
20542982
20547169
20550945
20553738
20553750
20553879
20553895
20554884
20554885
20558047
20558408
20561537
20561715
20561898
20561955
20562319
20567521
20570401
20570495
20570602
20570684
20570736
20570740
20570741
20570742
20572208
20573339
20573575
20578173
20578174
20579973
20580845
20584176
20584720
20584747
20592124
20592951
20594938
20595067
20597973
20597976
20598288
20599364
20599810
20599816
20599837
20600178
20600186
20600189
20600369
20600962
20600966
20600968
20600969
20600971
20600979
20600985
20600987
20600990
20600991
20600998
20600999
20603138
20603217
20603219
20607753
20609569
20609570
20610740
20610743
20610756
20615473
20619279
20619317
20619347
20619827
20620213
20620879
20621407
20621555
20621638
20621656
20621961
20621984
20624473
20624599
20625426
20626458
20627130
20627131
20627366
20629027
20630656
20630712
20630713
20630715
20631183
20633659
20633662
20634975
20637290
20637787
20639003
20643213
20643214
20644633
20645312
20647004
20647266
20648663
20650450
20654634
20654698
20654722
20655320
20655361
20655580
20656038
20656040
20656105
20657777
20659432
20659568
20660263
20660273
20660416
20660419
20660534
20661285
20661957
20662902
20663646
20665717
20667490
20667491
20668188
20668196
20668275
20669164
20669165
20669166
20669167
20669168
20672311
20673801
20673802
20673803
20673804
20674279
20674554
20674749
20678489
20678490
20678494
20681013
20681014
20682349
20685091
20685394
20685975
20688087
20688176
20688479
20688877
20690141
20691197
20691275
20691427
20691675
20691791
20691792
20691793
20691794
20692349
20692350
20692648
20693389
20693390
20696256
20696386
20699124
20699229
20702070
20702071
20702500
20702694
20702705
20705214
20705602
20708069
20708692
20708694
20708906
20708907
20709038
20709177
20709330
20711448
20711467
20713505
20715080
20715084
20719303
20720103
20720125
20722715
20723605
20724032
20724113
20724114
20725639
20725908
20725909
20727365
20727411
20727412
20727651
20727906
20728544
20728548
20728549
20728550
20728552
20728556
20728873
20728875
20729396
20732744
20732899
20732901
20736069
20736070
20739018
20739053
20739098
20739349
20740644
20740649
20797391
20797401
20797441
20797542
20800687
20801897
20802090
20804848
20805236
20805880
20807575
20807576
20807579
20808142
20810622
20810877
20810879
20810889
20811624
20814959
20814962
20816974
20817105
20817106
20817279
20817354
20817487
20817665
20823085
20826428
20826434
20826657
20828626
20829245
20830290
20832256
20832478
20832481
20832482
20832483
20832486
20833001
20833223
20833698
20836159
20837067
20837150
20837502
20838644
20841321
20842749
20844129
20849925
20850554
20850555
20850714
20851164
20851189
20851193
20851194
20851195
20851770
20851771
20853378
20854914
20858472
20858544
20861364
20861377
20861380
20861384
20861391
20863844
20864602
20868756
20869446
20869449
20869452
20869454
20869846
20875637
20875802
20877464
20877577
20877644
20880360
20881115
20881136
20882581
20883800
20884355
20884357
20884358
20884359
20884362
20886034
20886577
20886578
20886579
20888110
20888628
20888847
20888872
20888920
20920489
20920491
20920586
20923708
20926068
20926653
20932878
20932911
20932912
20932914
20932921
20933020
20933056
20933374
20933530
20934519
20934987
20937394
20937396
20940222
20943261
20943318
20943902
20946958
20946959
20946960
20946961
20946964
20947065
20949093
20949134
20950283
20951215
20955801
20955802
20955803
20956614
20957158
20961661
20962229
20962241
20962245
20965253
20965255
20965256
20965635
20967216
20970506
20970509
20974158
20974213
20974260
20974265
20974266
20974272
20974688
20975836
20980588
20980590
20980597
21029780
21030482
21030486
21035553
21035788
21036183
21036949
21040695
21040792
21041067
21041200
21044887
21045001
21045002
21045004
21047495
21047498
21047501
21047627
21048124
21050725
21051038
21051084
21051105
21051129
21055445
21055799
21055874
21056675
21059482
21067853
21067898
21071182
21071387
21073958
21073970
21074583
21074899
21074901
21075129
21075229
21077136
21077137
21077147
21078303
21078349
21078400
21081115
21081170
21081171
21084453
21084608
21084610
21087673
21092865
21092938
21093595
21093970
21094258
21094259
21094525
21095105
21095230
21095231
21097491
21097516
21097958
21106812
21106817
21108975
21108990
21109007
21109009
21109010
21109578
21111053
21111828
21111829
21111832
21111833
21111834
21112404
21122817
21122818
21122819
21123574
21123853
21126527
21126586
21126587
21126593
21126735
21126990
21129489
21130141
21130172
21130531
21130789
21130888
21131121
21134387
21134472
21134974
21138755
21138758
21140434
21144497
21144498
21145211
21145212
21145215
21145314
21145902
21146506
21146507
21146553
21146615
21147230
21147232
21147233
21147234
21147235
21148010
21148091
21148176
21148612
21151556
21151992
21152391
21154789
21156209
21156210
21157877
21157878
21159322
21159952
21159958
21159973
21162043
21162044
21162046
21163275
21163276
21167189
21167584
21167644
21167825
21168122
21168395
21168424
21168427
21168512
21168516
21168518
21170956
21172320
21172322
21172325
21172444
21175881
21177743
21179436
21179549
21179564
21181786
21181798
21181800
21182966
21182967
21182968
21182971
21183160
21183457
21183458
21190759
21192958
21192959
21195103
21195187
21195188
21195191
21195192
21195194
21195195
21195197
21195198
21195388
21195392
21195774
21196078
21198976
21203474
21203575
21208990
21208991
21209201
21209829
21211567
21211946
21215389
21215442
21215762
21216293
21216295
21220170
21228301
21229613
21229616
21229617
21232578
21232614
21232615
21232617
21236276
21236649
21237182
21238468
21238490
21241718
21241721
21241748
21246665
21246667
21246668
21248058
21248113
21249224
21251646
21255655
21255661
21255662
21255663
21256186
21256228
21256231
21256232
21256233
21256582
21257158
21259382
21259387
21259388
21259389
21262242
21262244
21263037
21266462
21267080
21272595
21272655
21272861
21273421
21276432
21277171
21277375
21278194
21278407
21281718
21281720
21281723
21282317
21283580
21289179
21289188
21291923
21291958
21291959
21292243
21295015
21295019
21295145
21296170
21296501
21296864
21298074
21300113
21300162
21303859
21305663
21305666
21305667
21305668
21310189
21310245
21310593
21310653
21310781
21311576
21315091
21315158
21315748
21315749
21316203
21316376
21316468
21316475
21316814
21319266
21319269
21320516
21320741
21325514
21325535
21329677
21329758
21330468
21333979
21334351
21334442
21334443
21334444
21334445
21335014
21335059
21338633
21338692
21338695
21339377
21349335
21349336
21349341
21352923
21354189
21354974
21354978
21356317
21356318
21362488
21364772
21364890
21364916
21365715
21368033
21368043
21368084
21368086
21371485
21373203
21373864
21375598
21375601
21376065
21376126
21376542
21376543
21376819
21377494
21377797
21382353
21382559
21382560
21383234
21385569
21385617
21385619
21385750
21385751
21389234
21389235
21389239
21389303
21391245
21391247
21391250
21391251
21391252
21391255
21391256
21391261
21391262
21391263
21391264
21391265
21391267
21391268
21391269
21391270
21391272
21391280
21391281
21391282
21391283
21392946
21396384
21396456
21396457
21396459
21397616
21397659
21397699
21397701
21398015
21406238
21408006
21411661
21412409
21412428
21414334
21414466
21414910
21414916
21414927
21416563
21418055
21419144
21419229
21420079
21420421
21420500
21421059
21421060
21421062
21421732
21425391
21425397
21425399
21425400
21427167
21427193
21427462
21429714
21430137
21430147
21430149
21430161
21432944
21432946
21438075
21438078
21439268
21440072
21440563
21440642
21440643
21440644
21440645
21441396
21444068
21447093
21447325
21447350
21448274
21448435
21451019
21451034
21451040
21455941
21457946
21458238
21458503
21458852
21459482
21459835
21461742
21463696
21467048
21467049
21467211
21470595
21471359
21471360
21471389
21471398
21471559
21481335
21482458
21482547
21482548
21483844
21484948
21484949
21484952
21484956
21490964
21492980
21493046
21494597
21496490
21496789
21497488
21497489
21497657
21498053
21498054
21498055
21498384
21498405
21500314
21500317
21504992
21507542
21507613
21508220
21510979
21511040
21511443
21513804
21513918
21514332
21514925
21515385
21515387
21515388
21515639
21515903
21520342
21520346
21520351
21520352
21524851
21525166
21527413
21527785
21527789
21527791
21530557
21531077
21531384
21531779
21533250
21536055
21538702
21539923
21543191
21543594
21543607
21543619
21546014
21546073
21546146
21546219
21546220
21546221
21549201
21549354
21549637
21549721
21549767
21550407
21550652
21554961
21554964
21554965
21554966
21554967
21554968
21557954
21559448
21559468
21561699
21561743
21567659
21567661
21569855
21570470
21570471
21571075
21571076
21571078
21572088
21575660
21575727
21575934
21576110
21586329
21586330
21586332
21586596
21591025
21591026
21592741
21593327
21593339
21596142
21596533
21596764
21596771
21596772
21600227
21600290
21600291
21600292
21600565
21600637
21600684
21600991
21601433
21601434
21601832
21601833
21601834
21605598
21609767
21609968
21609969
21613466
21613471
21613489
21613490
21616086
21616156
21618658
21618660
21618663
21618664
21618667
21620907
21620979
21620984
21621298
21621549
21621558
21624476
21625502
21632945
21632946
21636849
21640191
21640192
21640834
21640835
21640839
21640840
21640981
21641022
21642352
21642353
21645625
21649758
21653286
21653723
21653865
21655298
21664275
21664276
21664277
21664278
21664279
21664280
21664605
21666127
21666131
21666261
21666263
21669291
21669407
21674692
21674694
21674697
21676378
21676387
21676597
21677157
21677175
21677180
21677181
21677185
21677186
21677769
21677775
21678393
21679770
21680845
21680848
21681856
21683500
21683723
21683794
21684531
21684722
21687636
21689765
21689767
21689852
21690258
21690259
21692141
21692142
21692143
21692148
21692882
21693783
21697380
21697388
21699922
21699987
21703286
21703287
21703352
21704172
21704176
21704307
21704711
21704716
21705060
21705195
21708272
21709174
21709178
21713178
21714958
21715612
21715623
21715629
21715632
21715640
21718787
21718969
21722656
21722740
21722742
21722888
21723396
21725037
21725038
21726650
21726651
21729757
21733287
21734108
21734252
21737434
21737435
21738725
21738777
21739525
21739528
21741081
21741301
21741302
21741443
21741450
21741484
21741486
21741636
21749924
21750692
21753010
21755004
21756925
21757013
21757188
21760988
21761506
21761507
21762881
21763432
21763435
21763437
21763441
21763774
21764567
21765184
21767555
21767899
21768205
21768227
21769993
21771663
21772062
21775199
21775613
21775616
21775617
21775675
21777596
21777680
21777912
21778039
21782030
21782031
21782157
21782309
21782395
21782960
21784106
21784164
21784971
21785117
21787870
21790899
21795550
21795556
21795615
21795627
21798310
21799213
21799729
21799807
21802436
21802519
21802717
21803063
21803163
21803165
21803339
21807006
21807101
21810451
21811568
21813114
21813210
21813680
21813690
21813693
21817091
21818386
21820518
21820647
21820874
21821057
21821135
21823207
21826759
21826760
21826762
21827859
21827860
21828112
21829564
21829668
21830257
21831358
21831362
21831603
21831606
21834102
21835246
21835248
21835249
21839174
21839175
21840340
21840344
21840401
21840402
21840405
21840407
21840409
21840846
21843538
21843646
21847384
21849560
21854855
21854858
21856337
21856429
21857031
21858062
21862447
21864550
21867758
21868203
21871533
21871571
21872451
21872614
21872853
21875780
21876544
21878364
21878394
21878395
21880905
21880911
21880922
21880924
21887888
21888979
21888980
21888981
21888982
21889195
21889196
21889520
21889594
21889947
21890111
21893680
21893681
21896334
21896494
21896496
21896497
21898674
21898675
21898678
21898679
21900569
21900574
21903460
21906608
21906686
21906688
21906689
21907292
21907293
21907809
21907811
21908447
21908871
21914483
21914634
21915942
21917787
21917799
21917804
21917846
21922599
21922603
21924363
21924364
21924367
21924872
21925236
21925720
21930136
21930137
21931738
21932260
21932261
21932265
21932266
21933287
21933718
21934094
21935391
21935394
21935483
21937025
21937029
21937201
21938756
21938758
21939773
21939775
21940437
21940454
21940605
21943555
21943609
21943959
21945346
21945693
21945697
21945794
21945808
21945849
21948954
21948955
21949675
21949769
21953980
21954000
21954087
21954239
21955370
21955457
21955726
21955921
21957237
21957241
21957257
21958514
21958650
21958651
21959173
21961040
21962775
21962945
21963911
21963915
21965440
21966494
21967726
21967727
21967987
21968566
21970990
21971308
21972426
21974788
21976356
21976373
21976384
21976392
21976411
21976418
21976513
21976523
21976525
21978845
21980359
21980405
21981803
21982930
21982931
21982932
21982934
21983057
21983182
21983184
21983794
21984928
21985908
21985912
21988892
21990419
21991357
21994386
21994389
21994390
21995700
21998038
21998078
21998649
22000080
22000597
22001164
22001165
22001262
22001264
22001789
22002939
22003388
22004983
22006990
22006991
22008364
22008369
22008503
22008612
22009019
22012639
22013235
22015853
22015854
22016480
22018942
22019203
22019361
22019857
22019860
22019879
22020878
22020967
22021056
22021081
22021653
22022357
22022589
22022611
22023742
22024246
22024409
22024505
22027085
22027088
22027496
22028765
22030140
22031874
22032942
22032944
22032950
22036677
22036680
22037418
22037687
22039428
22040737
22040905
22042493
22042533
22042765
22044532
22047628
22047726
22047730
22047966
22047967
22049410
22049420
22049444
22055622
22056463
22056529
22059714
22062191
22062193
22065863
22066003
22069452
22072686
22073183
22073209
22074898
22075266
22076160
22076808
22076840
22078639
22079204
22079323
22079448
22079451
22079455
22079504
22079656
22079658
22079660
22079661
22079662
22079927
22085863
22088776
22089142
22090489
22093438
22093949
22095215
22096519
22097928
22099855
22100418
22100534
22100770
22100772
22102260
22102362
22102377
22102437
22102882
22102883
22103843
22108343
22108504
22108645
22109998
22110002
22110008
22110013
22110619
22110623
22110714
22113948
22114078
22114079
22114080
22114083
22114261
22114283
22115846
22116037
22116038
22116039
22119187
22119647
22119651
22119654
22121040
22123940
22125184
22125269
22125634
22130092
22131304
22131379
22131397
22131410
22131418
22132137
22133562
22133748
22136749
22137505
22138253
22138427
22139809
22140014
22143093
22144968
22146750
22146752
22146753
22154332
22154406
22154509
22154751
22154962
22155028
22155031
22155041
22155327
22155328
22155331
22155982
22156722
22156723
22156740
22159107
22159109
22159113
22159123
22162145
22162203
22169204
22170969
22171056
22172578
22174900
22174905
22177602
22178142
22178297
22178808
22178813
22178814
22178816
22178858
22186678
22188383
22189566
22190431
22192727
22194902
22196742
22197696
22197699
22197740
22197743
22197786
22197790
22198967
22198968
22198970
22200490
22200657
22204876
22205646
22206876
22206877
22206905
22206963
22206964
22206965
22207247
22209639
22209640
22209784
22210355
22210673
22213454
22216234
22216252
22216274
22219266
22221735
22225882
22226903
22227049
22227051
22227133
22227139
22227140
22227141
22227457
22227887
22228751
22228752
22230115
22230228
22230805
22230946
22230947
22230948
22230949
22235032
22235303
22238084
22238090
22238630
22238632
22238671
22242146
22242196
22244088
22244184
22245007
22245014
22245354
22245641
22245646
22245647
22248574
22248577
22250290
22250818
22251836
22253926
22258799
22258800
22258801
22262876
22266175
22266262
22266411
22266412
22266924
22270350
22270353
22270355
22275166
22275167
22275317
22275475
22275479
22276111
22276205
22276215
22277263
22277668
22279213
22281240
22281932
22284615
22285025
22285219
22285603
22285717
22285718
22285904
22287085
22287188
22287214
22287257
22287263
22287265
22289802
22289806
22289808
22290540
22291028
22300811
22300812
22301351
22302817
22302824
22302842
22304628
22305051
22305143
22305924
22305968
22305991
22305992
22306196
22306799
22306803
22306805
22313617
22319555
22319604
22323632
22325099
22326384
22326984
22328419
22328451
22328466
22330101
22330313
22330316
22330606
22331654
22331673
22336565
22341902
22342677
22343029
22343069
22344782
22345089
22345370
22345383
22347490
22348093
22348884
22348885
22348896
22349440
22349442
22349798
22349799
22349801
22351648
22355182
22355309
22355319
22357844
22357846
22357860
22359276
22359341
22359353
22359372
22359374
22359397
22361166
22361167
22361169
22362841
22365747
22366332
22368081
22368086
22368088
22369994
22369996
22370252
22371310
22377262
22378493
22378588
22378892
22378896
22383803
22383804
22384006
22384048
22384105
22386967
22386968
22386970
22387096
22387166
22387168
22387174
22387605
22391476
22393420
22395084
22396427
22398297
22398299
22398396
22399768
22399779
22401755
22403154
22403155
22405043
22405729
22405732
22406068
22406281
22406357
22406500
22412928
22414937
22414991
22414993
22418012
22418015
22419119
22419392
22419478
22419507
22421385
22422432
22422484
22422512
22422710
22422724
22422804
22423114
22424873
22425598
22425719
22426336
22427328
22427332
22427852
22428022
22428863
22429244
22429907
22431281
22431294
22431306
22431327
22432026
22433254
22433287
22434215
22437052
22438199
22438215
22438242
22438275
22438288
22438291
22440646
22440647
22440650
22440652
22440654
22442069
22442087
22442088
22442733
22444277
22445446
22445668
22445780
22445784
22445785
22445816
22446298
22446299
22446489
22446490
22450299
22451196
22451259
22451328
22451353
22451481
22451482
22457458
22457500
22459043
22459338
22461182
22461242
22461315
22461323
22461372
22464726
22464826
22465168
22465324
22465459
22465841
22465842
22465843
22472220
22473843
22475381
22479499
22479551
22480693
22480729
22480958
22483742
22483790
22484205
22484305
22484310
22484405
22484410
22484411
22484516
22484520
22485152
22487549
22488952
22488973
22488985
22490546
22490547
22490550
22490923
22492047
22494771
22495745
22496570
22496739
22496768
22496865
22497878
22498657
22499797
22503778
22503936
22504766
22504779
22505222
22505284
22505321
22505330
22505340
22505995
22507228
22508766
22508768
22510256
22510532
22514285
22514317
22514324
22514326
22516367
22516588
22518017
22518101
22521252
22521253
22521476
22521477
22521479
22521874
22522783
22522963
22522975
22525875
22531551
22532832
22534457
22534570
22535908
22536320
22537316
22538086
22539820
22539841
22539845
22539862
22541026
22541369
22541443
22542893
22548805
22548807
22552046
22552189
22553018
22553030
22553032
22558222
22558258
22558274
22560503
22560889
22561022
22561179
22563003
22563005
22563009
22563375
22563395
22564476
22564480
22564481
22564748
22565029
22565203
22569063
22569064
22569101
22569185
22569186
22569187
22569542
22569543
22570705
22571931
22573677
22574121
22574141
22574175
22575420
22576840
22577215
22577221
22578707
22578721
22579495
22579645
22579718
22579726
22579727
22579855
22579866
22580171
22580382
22580417
22581848
22584223
22584225
22584226
22584229
22584231
22584235
22586138
22586252
22586478
22587898
22587899
22587900
22590522
22590530
22591801
22592304
22593062
22593069
22594914
22606228
22608014
22608155
22608157
22608240
22608404
22609273
22609366
22609577
22609579
22610479
22610513
22611041
22613230
22614246
22616011
22617632
22617829
22617850
22622435
22623659
22623666
22623669
22623677
22623966
22626918
22632812
22633679
22634213
22634216
22634217
22634219
22634292
22634854
22634856
22634860
22637582
22640663
22641143
22645252
22647428
22649231
22649240
22649243
22649247
22652306
22658706
22658819
22658973
22659025
22659107
22659111
22659444
22659476
22659479
22659480
22661404
22661411
22661619
22662152
22664168
22666409
22666461
22666470
22668988
22672735
22674267
22674273
22674673
22681696
22682158
22683091
22683384
22684096
22689216
22689218
22691614
22691615
22693339
22693600
22693639
22695256
22696391
22696400
22696421
22698584
22698706
22698763
22698991
22699044
22699045
22699896
22699900
22699906
22699916
22699920
22701578
22701619
22701630
22701631
22701655
22704059
22704643
22704853
22705376
22708629
22709820
22711189
22711287
22711328
22711376
22711620
22711646
22711879
22713670
22715371
22715980
22717205
22717383
22720021
22721700
22723888
22724025
22726841
22728149
22728150
22728151
22729957
22732489
22732492
22732556
22732558
22732560
22732561
22735157
22736513
22736522
22738433
22743002
22743194
22743197
22745490
22745496
22745498
22745503
22745505
22745745
22745788
22748614
22749971
22750057
22750118
22750124
22750720
22753179
22759337
22759909
22759996
22759997
22761307
22761673
22761887
22763169
22763170
22763187
22764247
22766165
22766167
22767633
22768277
22768287
22770543
22770650
22771500
22771856
22775285
22776449
22776450
22776453
22776455
22776456
22781161
22783212
22784605
22784688
22786703
22787032
22787035
22787044
22787048
22787051
22787055
22791801
22791806
22792176
22792349
22795265
22795367
22796505
22796982
22796987
22796991
22796994
22798339
22798396
22798398
22800732
22802575
22802957
22806961
22807028
22807270
22807311
22807351
22808169
22809740
22813951
22814146
22814662
22815223
22815229
22815503
22815510
22815515
22815523
22815825
22815880
22815889
22815908
22818781
22819228
22819309
22819939
22819950
22819967
22819968
22820298
22820634
22828162
22828163
22831772
22831862
22832388
22832566
22835865
22836176
22836179
22836181
22840760
22841350
22841389
22841991
22842212
22842813
22842815
22846632
22846658
22846659
22847930
22847948
22848453
22848586
22848644
22848692
22854261
22855795
22855814
22855817
22855822
22858151
22867993
22870240
22871205
22871390
22871393
22875861
22875866
22875902
22875921
22875937
22877840
22879350
22879351
22883909
22884936
22885247
22885291
22885679
22887480
22887824
22887826
22887827
22889940
22891063
22892334
22892351
22892422
22895703
22895705
22895727
22901696
22901767
22902538
22902649
22902768
22902769
22902920
22902992
22905090
22906785
22906791
22909988
22910274
22910372
22911738
22911787
22911806
22912698
22912831
22914649
22915491
22916139
22916152
22916169
22917679
22917951
22920262
22921454
22921709
22922368
22926287
22927984
22928000
22929607
22936472
22936560
22936578
22937041
22937055
22937153
22939991
22940117
22940231
22941717
22941718
22941719
22941724
22947540
22951258
22951259
22952277
22952599
22952624
22952631
22952762
22954751
22956664
22956667
22956668
22956669
22956671
22956672
22956675
22956676
22956840
22957005
22960116
22960252
22960258
22960270
22960415
22961552
22963852
22964490
22965755
22965806
22967832
22972952
22974555
22974975
22975159
22975194
22975196
22975389
22977198
22977199
22977200
22980226
22980587
22981562
22981810
22982103
22982356
22982513
22982586
22984460
22985694
22985900
22986045
22986077
22987670
22987723
22987774
22987790
22992490
22992491
22993261
22993265
22993425
22993433
22995779
23000255
23000258
23000552
23000783
23006804
23008180
23009959
23010485
23010578
23015426
23015444
23015531
23017873
23019004
23019005
23019128
23019246
23020899
23021615
23022093
23022108
23022507
23023154
23026757
23028606
23028644
23028661
23028774
23028775
23028892
23029031
23029097
23029329
23031744
23032487
23032489
23032492
23033058
23033120
23034517
23035108
23036282
23036958
23039996
23040316
23041335
23041527
23041528
23044088
23044279
23046903
23046904
23048018
23049951
23051897
23051900
23051901
23051903
23055488
23055489
23055490
23055497
23056309
23056337
23056400
23056477
23056533
23062751
23063444
23063450
23063451
23063453
23063842
23063843
23064107
23065480
23069809
23071639
23074077
23077042
23077043
23077048
23077058
23077059
23079490
23079572
23082194
23082321
23085111
23097235
23097247
23097273
23097300
23097317
23099059
23100413
23100417
23102512
23103517
23103518
23103686
23103688
23103691
23107380
23108270
23108271
23108274
23108277
23108278
23110158
23112850
23115178
23115195
23116813
23116815
23116817
23118875
23118929
23121899
23122880
23123045
23123141
23123633
23123681
23123788
23124719
23125121
23125131
23127796
23128079
23128080
23128082
23131612
23131804
23131805
23133508
23133615
23133666
23136406
23136408
23136423
23137805
23137808
23140891
23140909
23142069
23142070
23142279
23144775
23144849
23144915
23145011
23145068
23146247
23146249
23146251
23146254
23146966
23147237
23147501
23149023
23149025
23149028
23149033
23149036
23151990
23152865
23154092
23154094
23154098
23155368
23155380
23158761
23158777
23158778
23160811
23160815
23160817
23162046
23162047
23164370
23166657
23166800
23168382
23172771
23174403
23174429
23174430
23175677
23175818
23175822
23175824
23175825
23175832
23175836
23175851
23177922
23178105
23180753
23183709
23183711
23185300
23185305
23185306
23185360
23185425
23185566
23189175
23194816
23194819
23196144
23196633
23197728
23197733
23200527
23200718
23201307
23201362
23201363
23201365
23201366
23201367
23201492
23201633
23202661
23202664
23206530
23207574
23207575
23207576
23209583
23209584
23209643
23217577
23219044
23219927
23220493
23220494
23222890
23223206
23223279
23223295
23226263
23226488
23226567
23227139
23228510
23228512
23228724
23231884
23236200
23236383
23236384
23238040
23238041
23238417
23238430
23238432
23238433
23238964
23239964
23245426
23245750
23245760
23246778
23246859
23246991
23246992
23246995
23246996
23247063
23247184
23250955
23251361
23251496
23251595
23251653
23251669
23251704
23261640
23261871
23262075
23262174
23263196
23266702
23266744
23266745
23266746
23268783
23270676
23270876
23273106
23274798
23274799
23274842
23277109
23277111
23277112
23281064
23281129
23283330
23283347
23284783
23285070
23285086
23285136
23285171
23287311
23287526
23287527
23288627
23290498
23291188
23291493
23291725
23295390
23296187
23298748
23300517
23300524
23300575
23300958
23300977
23301035
23303919
23303932
23307469
23307487
23308163
23312561
23312790
23313012
23313418
23313569
23313581
23313779
23313780
23314007
23314011
23314939
23316156
23318125
23318128
23319041
23319042
23319043
23321153
23322403
23322890
23324559
23325227
23326346
23326484
23326568
23327932
23327933
23328446
23333416
23333417
23333668
23333840
23333869
23335976
23337458
23341872
23342130
23342148
23345236
23348009
23349665
23349792
23352276
23352757
23352831
23352851
23353599
23353696
23357078
23357079
23357203
23357204
23359269
23359616
23360727
23362111
23362184
23365237
23365241
23365248
23365249
23365257
23370054
23372641
23375117
23376052
23376214
23376698
23376790
23377900
23378215
23380169
23382516
23382517
23382821
23382910
23383194
23383244
23384520
23384525
23386740
23392656
23392667
23392685
23395849
23398652
23399372
23400116
23400807
23402762
23403412
23403413
23404335
23404730
23404748
23407973
23408389
23408440
23408565
23408984
23409009
23410032
23415909
23415949
23415950
23416146
23416252
23416253
23416318
23419861
23419940
23422330
23423669
23425890
23425892
23426687
23426796
23427116
23428568
23435206
23435209
23435212
23435213
23436504
23437097
23437205
23437284
23437329
23439129
23439443
23442226
23446840
23447611
23448868
23448870
23448875
23450516
23450811
23450833
23451129
23452665
23453584
23453697
23453977
23454071
23454569
23454619
23457466
23457592
23460073
23460913
23462319
23465967
23467350
23467364
23467375
23468832
23470983
23471236
23474077
23476024
23482245
23482620
23482621
23482622
23482624
23482626
23482628
23483911
23483978
23484034
23485741
23485849
23485851
23489416
23500898
23501046
23501047
23501051
23501052
23505435
23506969
23507378
23507379
23507383
23507386
23507387
23507388
23507394
23508477
23510581
23511846
23512930
23512932
23513045
23515795
23516286
23516304
23517908
23518009
23522878
23523270
23523804
23523811
23523812
23526961
23527165
23527282
23528204
23529004
23529005
23535179
23536060
23536092
23536716
23537937
23537938
23542498
23544046
23547242
23547243
23547245
23548839
23552077
23552078
23554488
23554503
23555620
23555670
23555673
23555736
23555827
23555852
23555920
23558094
23558103
23562770
23562793
23563850
23563962
23563963
23566889
23568365
23568412
23568448
23570916
23575842
23576810
23576811
23578576
23578759
23582377
23583743
23585519
23585520
23585869
23585888
23588273
23591131
23593393
23595741
23595766
23596061
23596188
23599165
23599167
23602923
23603021
23608113
23613739
23616340
23616377
23616433
23616547
23618495
23620600
23620601
23620602
23620758
23620791
23623456
23624171
23630602
23631993
23633412
23637175
23637895
23637982
23638017
23639347
23645715
23645718
23645721
23646167
23648965
23650536
23651705
23651708
23660028
23660030
23660436
23660437
23664619
23664683
23664954
23665393
23667619
23670951
23670963
23670980
23670989
23670997
23671021
23671038
23672819
23673251
23674246
23674488
23674498
23675408
23677490
23678111
23678116
23678117
23678126
23681887
23684849
23684860
23684863
23684870
23684882
23684978
23685774
23685776
23691129
23691185
23691237
23693090
23693160
23696275
23696279
23696692
23696841
23699528
23701693
23704980
23706416
23707507
23707590
23707901
23711484
23711533
23714265
23715092
23715094
23716712
23717467
23718988
23719802
23719806
23720575
23721722
23721725
23726994
23727315
23727316
23727389
23727531
23727664
23728081
23729474
23731741
23732338
23733029
23734202
23734238
23735261
23739982
23739983
23740868
23743260
23746539
23746613
23746615
23747289
23747456
23748499
23748500
23748501
23750275
23751204
23751864
23752131
23752177
23755162
23756137
23759649
23761907
23761912
23765157
23768913
23769260
23769719
23769917
23769997
23770124
23770536
23770622
23771980
23774397
23774678
23777758
23778236
23784073
23784074
23784774
23785160
23785161
23785162
23785167
23787950
23790525
23791837
23792281
23792788
23792983
23796527
23796543
23796961
23799005
23800705
23800791
23801740
23804084
23804086
23804092
23810119
23810974
23811039
23813661
23813738
23816958
23818974
23819895
23823501
23824708
23825319
23825407
23825408
23825570
23825652
23825684
23826251
23826392
23830857
23831354
23838052
23840392
23840493
23840533
23840558
23843526
23844132
23844192
23849672
23850465
23851324
23859480
23860118
23861319
23861765
23864675
23864686
23864694
23867733
23867736
23868896
23869236
23870836
23872155
23872285
23874445
23874482
23874543
23876789
23884955
23887806
23887807
23887811
23887812
23887819
23887820
23890839
23891645
23891902
23892066
23892109
23893848
23893850
23894454
23895765
23904464
23904492
23904613
23904618
23906596
23906663
23910948
23910949
23911835
23912681
23916249
23916537
23920009
23920149
23921095
23921102
23922638
23922941
23927901
23932225
23933469
23933470
23933471
23933482
23933483
23934416
23934417
23936055
23936077
23936504
23938321
23938592
23945999
23946002
23946005
23946385
23946393
23947986
23948645
23951069
23954715
23958598
23959199
23959200
23960206
23962957
23964067
23966688
23967150
23967180
23967320
23968735
23968837
23968839
23969195
23972602
23973408
23973765
23974949
23977268
23978652
23978654
23983029
23986239
23986240
23986265
23988132
23988273
23990890
23990958
23993362
23993991
23994213
23994453
23994454
24001457
24004695
24005284
24005298
24005303
24006403
24009354
24012322
24012681
24015241
24016726
24019938
24023609
24023940
24029376
24035535
24036129
24036354
24036962
24039715
24040007
24040104
24040178
24040207
24040262
24040385
24048847
24051015
24051357
24052613
24055199
24058706
24064075
24064198
24064249
24068551
24068813
24068815
24069368
24069414
24072888
24074459
24074808
24076035
24080261
24080372
24080400
24080517
24086358
24086409
24086531
24086664
24086758
24089495
24089498
24089502
24090513
24090797
24092642
24094578
24096208
24098513
24099630
24099840
24099848
24100194
24107949
24107952
24107958
24108799
24119547
24120094
24120302
24120430
24121137
24121447
24122137
24124475
24124576
24124929
24125791
24130761
24131593
24133271
24135133
24135167
24139048
24140937
24142148
24144507
24144510
24144956
24148912
24152545
24155301
24155318
24155321
24155323
24155952
24156926
24161536
24167610
24174207
24174667
6330179